0 0.13203125 0.75859375 0.2203125 0.275
0 0.14609375 0.2671875 0.21328125 0.39375
0 0.30078125 0.1515625 0.128125 0.26640625
0 0.50546875 0.228125 0.22109375 0.3453125
0 0.63359375 0.1515625 0.1078125 0.30234375
0 0.85703125 0.26953125 0.225 0.40234375
0 0.83203125 0.7171875 0.2125 0.37109375
0 0.64765625 0.521875 0.13359375 0.18828125
0 0.61796875 0.8109375 0.16953125 0.3140625
0 0.421875 0.87421875 0.15859375 0.16484375
0 0.325 0.56796875 0.1265625 0.315625
0 0.39609375 0.60234375 0.15703125 0.271875